620600199408170011 || 
620600199408170038 || 
620600199408170054 || 
620600199408170070 || 
620600199408170097 || 
620600199408170118 || 
620600199408170134 || 
620600199408170150 || 
620600199408170177 || 
620600199408170193 || 
620600199408170214 || 
620600199408170230 || 
620600199408170257 || 
620600199408170273 || 
62060019940817029X || 
620600199408170310 || 
620600199408170337 || 
620600199408170353 || 
62060019940817037X || 
620600199408170396 || 
620600199408170417 || 
620600199408170433 || 
62060019940817045X || 
620600199408170476 || 
620600199408170492 || 
620600199408170513 || 
62060019940817053X || 
620600199408170556 || 
620600199408170572 || 
620600199408170599 || 
62060019940817061X || 
620600199408170636 || 
620600199408170652 || 
620600199408170679 || 
620600199408170695 || 
620600199408170716 || 
620600199408170732 || 
620600199408170759 || 
620600199408170775 || 
620600199408170791 || 
620600199408170812 || 
620600199408170839 || 
620600199408170855 || 
620600199408170871 || 
620600199408170898 || 
620600199408170919 || 
620600199408170935 || 
620600199408170951 || 
620600199408170978 || 
620600199408170994 || 
620600199408171014 || 
620600199408171030 || 
620600199408171057 || 
620600199408171073 || 
62060019940817109X || 
620600199408171110 || 
620600199408171137 || 
620600199408171153 || 
62060019940817117X || 
620600199408171196 || 
620600199408171217 || 
620600199408171233 || 
62060019940817125X || 
620600199408171276 || 
620600199408171292 || 
620600199408171313 || 
62060019940817133X || 
620600199408171356 || 
620600199408171372 || 
620600199408171399 || 
62060019940817141X || 
620600199408171436 || 
620600199408171452 || 
620600199408171479 || 
620600199408171495 || 
620600199408171516 || 
620600199408171532 || 
620600199408171559 || 
620600199408171575 || 
620600199408171591 || 
620600199408171612 || 
620600199408171639 || 
620600199408171655 || 
620600199408171671 || 
620600199408171698 || 
620600199408171719 || 
620600199408171735 || 
620600199408171751 || 
620600199408171778 || 
620600199408171794 || 
620600199408171815 || 
620600199408171831 || 
620600199408171858 || 
620600199408171874 || 
620600199408171890 || 
620600199408171911 || 
620600199408171938 || 
620600199408171954 || 
620600199408171970 || 
620600199408171997 || 
620600199408172017 || 
620600199408172033 || 
62060019940817205X || 
620600199408172076 || 
620600199408172092 || 
620600199408172113 || 
62060019940817213X || 
620600199408172156 || 
620600199408172172 || 
620600199408172199 || 
62060019940817221X || 
620600199408172236 || 
620600199408172252 || 
620600199408172279 || 
620600199408172295 || 
620600199408172316 || 
620600199408172332 || 
620600199408172359 || 
620600199408172375 || 
620600199408172391 || 
620600199408172412 || 
620600199408172439 || 
620600199408172455 || 
620600199408172471 || 
620600199408172498 || 
620600199408172519 || 
620600199408172535 || 
620600199408172551 || 
620600199408172578 || 
620600199408172594 || 
620600199408172615 || 
620600199408172631 || 
620600199408172658 || 
620600199408172674 || 
620600199408172690 || 
620600199408172711 || 
620600199408172738 || 
620600199408172754 || 
620600199408172770 || 
620600199408172797 || 
620600199408172818 || 
620600199408172834 || 
620600199408172850 || 
620600199408172877 || 
620600199408172893 || 
620600199408172914 || 
620600199408172930 || 
620600199408172957 || 
620600199408172973 || 
62060019940817299X || 
62060019940817301X || 
620600199408173036 || 
620600199408173052 || 
620600199408173079 || 
620600199408173095 || 
620600199408173116 || 
620600199408173132 || 
620600199408173159 || 
620600199408173175 || 
620600199408173191 || 
620600199408173212 || 
620600199408173239 || 
620600199408173255 || 
620600199408173271 || 
620600199408173298 || 
620600199408173319 || 
620600199408173335 || 
620600199408173351 || 
620600199408173378 || 
620600199408173394 || 
620600199408173415 || 
620600199408173431 || 
620600199408173458 || 
620600199408173474 || 
620600199408173490 || 
620600199408173511 || 
620600199408173538 || 
620600199408173554 || 
620600199408173570 || 
620600199408173597 || 
620600199408173618 || 
620600199408173634 || 
620600199408173650 || 
620600199408173677 || 
620600199408173693 || 
620600199408173714 || 
620600199408173730 || 
620600199408173757 || 
620600199408173773 || 
62060019940817379X || 
620600199408173810 || 
620600199408173837 || 
620600199408173853 || 
62060019940817387X || 
620600199408173896 || 
620600199408173917 || 
620600199408173933 || 
62060019940817395X || 
620600199408173976 || 
620600199408173992 || 
620600199408174012 || 
620600199408174039 || 
620600199408174055 || 
620600199408174071 || 
620600199408174098 || 
620600199408174119 || 
620600199408174135 || 
620600199408174151 || 
620600199408174178 || 
620600199408174194 || 
620600199408174215 || 
620600199408174231 || 
620600199408174258 || 
620600199408174274 || 
620600199408174290 || 
620600199408174311 || 
620600199408174338 || 
620600199408174354 || 
620600199408174370 || 
620600199408174397 || 
620600199408174418 || 
620600199408174434 || 
620600199408174450 || 
620600199408174477 || 
620600199408174493 || 
620600199408174514 || 
620600199408174530 || 
620600199408174557 || 
620600199408174573 || 
62060019940817459X || 
620600199408174610 || 
620600199408174637 || 
620600199408174653 || 
62060019940817467X || 
620600199408174696 || 
620600199408174717 || 
620600199408174733 || 
62060019940817475X || 
620600199408174776 || 
620600199408174792 || 
620600199408174813 || 
62060019940817483X || 
620600199408174856 || 
620600199408174872 || 
620600199408174899 || 
62060019940817491X || 
620600199408174936 || 
620600199408174952 || 
620600199408174979 || 
620600199408174995 || 
620600199408175015 || 
620600199408175031 || 
620600199408175058 || 
620600199408175074 || 
620600199408175090 || 
620600199408175111 || 
620600199408175138 || 
620600199408175154 || 
620600199408175170 || 
620600199408175197 || 
620600199408175218 || 
620600199408175234 || 
620600199408175250 || 
620600199408175277 || 
620600199408175293 || 
620600199408175314 || 
620600199408175330 || 
620600199408175357 || 
620600199408175373 || 
62060019940817539X || 
620600199408175410 || 
620600199408175437 || 
620600199408175453 || 
62060019940817547X || 
620600199408175496 || 
620600199408175517 || 
620600199408175533 || 
62060019940817555X || 
620600199408175576 || 
620600199408175592 || 
620600199408175613 || 
62060019940817563X || 
620600199408175656 || 
620600199408175672 || 
620600199408175699 || 
62060019940817571X || 
620600199408175736 || 
620600199408175752 || 
620600199408175779 || 
620600199408175795 || 
620600199408175816 || 
620600199408175832 || 
620600199408175859 || 
620600199408175875 || 
620600199408175891 || 
620600199408175912 || 
620600199408175939 || 
620600199408175955 || 
620600199408175971 || 
620600199408175998 || 
620600199408176018 || 
620600199408176034 || 
620600199408176050 || 
620600199408176077 || 
620600199408176093 || 
620600199408176114 || 
620600199408176130 || 
620600199408176157 || 
620600199408176173 || 
62060019940817619X || 
620600199408176210 || 
620600199408176237 || 
620600199408176253 || 
62060019940817627X || 
620600199408176296 || 
620600199408176317 || 
620600199408176333 || 
62060019940817635X || 
620600199408176376 || 
620600199408176392 || 
620600199408176413 || 
62060019940817643X || 
620600199408176456 || 
620600199408176472 || 
620600199408176499 || 
62060019940817651X || 
620600199408176536 || 
620600199408176552 || 
620600199408176579 || 
620600199408176595 || 
620600199408176616 || 
620600199408176632 || 
620600199408176659 || 
620600199408176675 || 
620600199408176691 || 
620600199408176712 || 
620600199408176739 || 
620600199408176755 || 
620600199408176771 || 
620600199408176798 || 
620600199408176819 || 
620600199408176835 || 
620600199408176851 || 
620600199408176878 || 
620600199408176894 || 
620600199408176915 || 
620600199408176931 || 
620600199408176958 || 
620600199408176974 || 
620600199408176990 || 
620600199408177010 || 
620600199408177037 || 
620600199408177053 || 
62060019940817707X || 
620600199408177096 || 
620600199408177117 || 
620600199408177133 || 
62060019940817715X || 
620600199408177176 || 
620600199408177192 || 
620600199408177213 || 
62060019940817723X || 
620600199408177256 || 
620600199408177272 || 
620600199408177299 || 
62060019940817731X || 
620600199408177336 || 
620600199408177352 || 
620600199408177379 || 
620600199408177395 || 
620600199408177416 || 
620600199408177432 || 
620600199408177459 || 
620600199408177475 || 
620600199408177491 || 
620600199408177512 || 
620600199408177539 || 
620600199408177555 || 
620600199408177571 || 
620600199408177598 || 
620600199408177619 || 
620600199408177635 || 
620600199408177651 || 
620600199408177678 || 
620600199408177694 || 
620600199408177715 || 
620600199408177731 || 
620600199408177758 || 
620600199408177774 || 
620600199408177790 || 
620600199408177811 || 
620600199408177838 || 
620600199408177854 || 
620600199408177870 || 
620600199408177897 || 
620600199408177918 || 
620600199408177934 || 
620600199408177950 || 
620600199408177977 || 
620600199408177993 || 
620600199408178013 || 
62060019940817803X || 
620600199408178056 || 
620600199408178072 || 
620600199408178099 || 
62060019940817811X || 
620600199408178136 || 
620600199408178152 || 
620600199408178179 || 
620600199408178195 || 
620600199408178216 || 
620600199408178232 || 
620600199408178259 || 
620600199408178275 || 
620600199408178291 || 
620600199408178312 || 
620600199408178339 || 
620600199408178355 || 
620600199408178371 || 
620600199408178398 || 
620600199408178419 || 
620600199408178435 || 
620600199408178451 || 
620600199408178478 || 
620600199408178494 || 
620600199408178515 || 
620600199408178531 || 
620600199408178558 || 
620600199408178574 || 
620600199408178590 || 
620600199408178611 || 
620600199408178638 || 
620600199408178654 || 
620600199408178670 || 
620600199408178697 || 
620600199408178718 || 
620600199408178734 || 
620600199408178750 || 
620600199408178777 || 
620600199408178793 || 
620600199408178814 || 
620600199408178830 || 
620600199408178857 || 
620600199408178873 || 
62060019940817889X || 
620600199408178910 || 
620600199408178937 || 
620600199408178953 || 
62060019940817897X || 
620600199408178996 || 
620600199408179016 || 
620600199408179032 || 
620600199408179059 || 
620600199408179075 || 
620600199408179091 || 
620600199408179112 || 
620600199408179139 || 
620600199408179155 || 
620600199408179171 || 
620600199408179198 || 
620600199408179219 || 
620600199408179235 || 
620600199408179251 || 
620600199408179278 || 
620600199408179294 || 
620600199408179315 || 
620600199408179331 || 
620600199408179358 || 
620600199408179374 || 
620600199408179390 || 
620600199408179411 || 
620600199408179438 || 
620600199408179454 || 
620600199408179470 || 
620600199408179497 || 
620600199408179518 || 
620600199408179534 || 
620600199408179550 || 
620600199408179577 || 
620600199408179593 || 
620600199408179614 || 
620600199408179630 || 
620600199408179657 || 
620600199408179673 || 
62060019940817969X || 
620600199408179710 || 
620600199408179737 || 
620600199408179753 || 
62060019940817977X || 
620600199408179796 || 
620600199408179817 || 
620600199408179833 || 
62060019940817985X || 
620600199408179876 || 
620600199408179892 || 
620600199408179913 || 
62060019940817993X || 
620600199408179956 || 
620600199408179972 || 
620600199408179999 || 
